160
4 441 499 497 495
4 423 492 490 486
4 420 484 482 475
4 369 474 473 472
4 333 468 463 462
4 286 455 454 452
4 252 448 445 443
4 197 439 437 434
4 196 433 430 424
4 190 459 422 421
4 97 419 410 409
4 93 407 405 399
4 35 396 438 431
4 28 391 387 385
4 326 371 376 367
4 300 390 362 360
4 165 414 377 365
4 33 358 359 356
4 47 451 353 352
4 12 350 351 348
4 330 392 345 337
4 322 334 329 328
4 315 319 324 311
4 306 302 310 304
4 299 279 301 298
4 256 266 295 397
4 21 288 294 292
4 14 271 277 273
4 1 264 336 268
4 212 182 494 450
4 189 154 267 263
4 86 210 261 258
4 17 225 242 240
4 7 221 236 235
4 213 158 234 231
4 170 429 219 218
4 156 113 214 249
4 141 166 208 203
4 120 175 388 447
4 73 230 193 427
4 72 155 395 384
4 64 181 192 201
4 11 123 199 284
4 111 5 180 207
4 108 412 159 200
4 52 61 148 198
4 48 71 461 372
4 38 20 341 195
4 0 121 13 403
4 187 177 172 375
4 147 139 114 188
4 60 320 347 174
4 34 19 104 152
4 498 444 245 162
4 15 442 138 105
4 149 90 332 160
4 394 89 10 136
4 117 24 379 116
4 278 467 325 25
4 99 283 132 128
3 91 449 18
3 55 364 307
3 31 276 3
3 400 6 95
3 65 378 233
3 23 226 151
3 163 363 164
3 8 153 124
3 144 432 119
3 112 101 247
3 109 100 92
3 107 282 70
3 339 204 46
3 237 81 244
3 106 274 269
3 80 129 460
3 66 289 285
3 259 280 22
3 69 78 485
3 56 44 457
3 361 115 453
3 50 79 373
3 45 41 76
3 40 411 16
3 217 29 401
3 186 251 446
3 54 59 425
3 36 27 254
3 185 26 417
3 32 415 480
3 408 479 493
3 368 464 481
3 331 436 477
3 260 402 458
3 215 380 426
3 176 327 382
3 167 272 381
3 157 250 342
3 140 229 312
3 134 224 309
3 102 146 305
3 110 297 491
3 103 265 487
3 94 241 478
3 202 404 496
3 173 393 470
3 142 386 465
3 74 308 374
3 296 343 471
3 291 335 416
3 211 323 389
3 209 314 354
3 206 262 346
3 137 257 344
3 125 238 338
3 98 169 318
3 88 126 317
3 67 85 303
3 62 39 293
3 253 466 489
2 184 440
2 178 413
2 168 398
2 143 349
2 87 321
2 57 290
2 37 243
2 239 483
2 220 456
2 216 435
2 179 406
2 145 366
2 133 248
2 49 227
2 30 223
2 222 476
2 127 469
2 122 428
2 82 418
2 75 383
2 58 355
2 53 340
2 43 316
2 42 313
2 9 281
2 275 488
2 270 370
2 232 357
2 228 287
2 183 255
2 161 246
2 135 205
2 131 194
2 130 191
2 118 171
2 77 150
2 4 96
2 84 83
2 68 63
2 51 2