1628
4 5357 5121 8148 6404
4 421 5913 2589 6255
4 5583 8785 6584 3629
4 9906 7710 5231 7529
4 1737 3987 8197 9487
4 4386 2094 6735 8754
4 5796 1756 998 2584
4 2395 2861 6312 59
4 6655 7923 8873 7569
4 7704 7444 6632 7262
4 5515 9612 8452 7796
4 2489 398 8407 5905
4 1729 9004 6459 8603
4 820 604 1248 9213
4 7549 7064 9529 5886
4 4848 8733 8189 6839
4 9354 8437 1524 4233
4 4449 5744 4100 8479
4 4318 4574 6823 6476
4 9483 5416 9620 7108
4 3904 1287 3626 2545
4 9383 4004 9131 4644
4 3697 1396 973 7792
4 5427 2061 370 9247
4 4041 2155 3015 847
4 4863 4631 3135 2843
4 6668 7168 44 5363
4 2222 2687 2117 1492
4 9618 2752 8284 7100
4 5570 453 1561 9765
4 8775 8287 3295 2932
4 3505 4036 1385 8591
4 461 1423 3273 7936
4 8854 6640 9813 4147
4 8004 5616 2096 6639
4 3715 674 5918 2345
4 3420 5090 1556 2331
4 5251 2598 2935 5592
4 4695 666 3825 8777
4 6762 1677 9959 5001
4 6756 8384 1081 6613
4 1114 6196 948 9818
4 8689 8119 5526 9888
4 7525 4106 3942 864
4 1388 8320 8240 683
4 5989 8911 8585 7369
4 9128 5083 3149 2968
4 5211 2819 132 2246
4 4473 3484 7863 2723
4 4194 5052 936 7819
4 7515 7577 876 8814
4 2459 4670 962 281
4 7939 7368 7950 3656
4 8837 8991 8636 9256
4 752 110 8641 3176
4 3457 2728 7290 4808
4 8392 7208 2212 7101
4 2196 684 7259 9267
4 371 9614 5791 714
4 6240 2499 5651 2548
4 63 2064 3678 4916
4 5602 1101 4090 9894
4 2475 9019 3024 3302
4 7834 4405 3765 1491
4 1013 839 7945 4685
4 5048 1071 7198 6170
4 4961 1115 7937 6677
4 9965 5945 2124 8152
4 1004 1233 9986 3795
4 4579 3272 9295 3647
4 5042 7201 4702 7409
4 7104 2070 1707 3463
4 2141 6782 6495 4430
4 384 7927 854 5773
4 2008 5101 7135 1341
4 1734 443 7540 8639
4 8058 336 2558 6702
4 2115 4788 1164 4886
4 1214 7896 7825 3499
4 5046 7961 5214 4964
4 4957 4917 7595 9307
4 2080 2922 6176 8063
4 5653 976 1146 1830
4 7202 6381 8612 4874
4 49 4983 5982 818
4 9568 5295 3607 7757
4 7313 5772 82 2964
4 4509 3792 3047 3096
4 6107 5713 7136 3940
4 4135 2274 8485 3896
4 2727 9305 4240 4406
4 2228 887 3309 7543
4 8338 3228 1851 6168
4 6252 7516 3566 1210
4 1353 4322 8608 636
4 7305 6935 9129 1203
4 5310 8322 9433 8745
4 3293 4925 1988 9866
4 6550 7145 4940 4185
4 71 7551 5625 4141
4 1671 1955 5383 1812
4 9795 7326 1450 8851
4 9527 7 47 4235
4 8116 4131 5219 2456
4 3437 3114 1322 594
4 7579 8465 9 9690
4 9552 1094 5873 7359
4 4167 3142 5494 9525
4 4637 532 9539 5652
4 2259 1742 2686 8803
4 3042 1934 766 7231
4 1713 4655 7583 4561
4 5006 4074 1895 3686
4 7715 8553 4657 1050
4 2962 3072 6129 7088
4 9263 2481 8387 9235
4 3844 727 2293 4475
4 7083 7447 2759 723
4 4847 4112 6957 7032
4 9917 62 7308 3357
4 9532 2982 954 3196
4 8250 1946 8736 4076
4 4102 2736 2045 8332
4 4374 8375 9946 7196
4 3519 9196 3337 7725
4 7648 6611 4320 859
4 213 6882 8010 5163
4 9063 1418 3689 1591
4 6547 5777 8193 8767
4 2726 9119 3155 4402
4 1724 5904 1568 3170
4 4619 6178 4490 2652
4 2342 9106 4995 4912
4 2060 2340 4638 850
4 992 9747 586 2828
4 5172 3672 5686 8397
4 8644 1621 9576 7494
4 2544 9966 6534 2749
4 1433 7451 6567 4139
4 6558 3648 3757 8478
4 2642 5729 7851 2085
4 3775 8601 120 2628
4 9344 8626 6038 3542
4 201 3781 6571 403
4 6913 3257 7643 5931
4 8138 4550 7464 6134
4 7148 7814 7545 3889
4 774 3112 5156 1763
4 9542 4150 2308 3593
4 8186 2870 4058 6467
4 2323 7862 6537 8997
4 9302 18 4244 2862
4 676 3475 3376 4390
4 328 2300 58 6147
4 2795 8865 8267 4044
4 9713 7079 9151 8233
4 9275 5081 8115 7445
4 9559 4959 8187 3708
4 6927 2036 2213 7673
4 2814 5366 4480 3840
4 1383 8242 5609 2123
4 9900 9320 9528 446
4 7316 3869 6171 6050
4 3451 8616 3583 1936
4 8259 8849 7166 1839
4 8506 1711 5845 5096
4 7703 9243 2160 8101
4 3842 2305 9605 5324
4 778 1160 8079 7385
4 9873 11 7944 9374
4 2267 1049 9514 7267
4 8094 5540 3126 373
4 3526 2243 4902 1552
4 8430 6359 654 9921
4 4837 245 8509 5136
4 2313 2023 5854 2985
4 1136 1509 4284 6123
4 8167 3950 7953 6580
4 333 8286 2944 7008
4 5359 3913 9289 2282
4 7726 2920 4498 6842
4 8036 7466 4551 1231
4 687 6300 7522 5209
4 6777 6481 8367 8721
4 9784 2535 3899 177
4 3745 1767 1845 9856
4 3106 6985 9722 8348
4 706 2817 5665 3253
4 3632 2203 9340 65
4 3618 9732 2994 1817
4 7922 7026 6989 4690
4 2674 463 9283 1427
4 6060 8563 3002 8047
4 8701 7756 4151 4965
4 5600 9942 8834 2941
4 2718 7700 6638 7050
4 8026 7920 2572 4516
4 5622 780 1359 7212
4 593 9691 9649 9111
4 8346 1096 3083 9366
4 5919 1336 8697 6329
4 6582 6313 4951 3229
4 1996 8253 2364 1085
4 1357 5962 8839 5909
4 9252 4137 9443 565
4 2619 9778 3485 4352
4 745 522 1372 9779
4 7209 2571 717 9751
4 6363 4351 7629 6426
4 6316 2009 8477 7981
4 4582 6602 9123 3356
4 2802 67 2351 3443
4 103 3368 2647 2112
4 6477 1861 9365 8811
4 709 251 5492 9154
4 5891 7119 257 332
4 8199 6994 9325 2905
4 9124 2095 8947 9629
4 5793 645 3089 6415
4 4259 1340 2536 9546
4 6 8614 9806 214
4 8751 2162 1202 4557
4 7671 171 4293 1001
4 1976 3496 3379 7911
4 9585 1701 8200 5239
4 7330 7489 1787 1510
4 4884 5593 60 750
4 4477 8003 6914 5330
4 4357 1344 9511 5518
4 4134 3214 9968 8163
4 3308 9974 5544 6666
4 3062 9363 2957 7613
4 8923 877 188 5244
4 8501 4222 1740 9930
4 4867 8529 7391 321
4 1820 1717 5149 8651
4 8835 8779 1975 9545
4 7934 5332 3750 1505
4 6956 6297 1800 8658
4 5733 6342 4977 2245
4 5236 7057 2509 5991
4 4711 7677 3730 1249
4 4727 4696 7153 2776
4 1564 1351 2575 9166
4 1883 924 8915 9426
4 1364 9962 4717 7439
4 296 8040 7344 8449
4 8431 1522 6188 8418
4 7415 5970 7210 1747
4 4331 1965 5758 5529
4 4572 8056 7972 902
4 3120 8990 9341 3473
4 9419 8168 5131 791
4 7647 5683 9550 4161
4 7699 5808 5074 6144
4 5028 4415 3655 797
4 3579 2043 5728 5488
4 8579 6738 3087 6419
4 5835 6616 2265 1743
4 9397 6627 5720 767
4 9271 6273 7524 6410
4 7824 55 8548 6042
4 2573 7250 1673 1714
4 1061 8866 6309 96
4 9569 8470 3845 4600
4 301 3834 9626 2089
4 8607 773 3830 3673
4 2952 5155 3223 4960
4 1523 3306 385 631
4 1200 6742 6377 3167
4 264 8625 5553 3905
4 9853 8702 9566 8659
4 4870 197 2809 9797
4 1889 4367 3271 3557
4 1636 6226 8487 1508
4 1178 3137 9572 7436
4 9048 8132 2055 7155
4 6336 4079 3978 4043
4 407 7748 1228 9952
4 9250 5864 8183 6198
4 7567 4649 5610 6058
4 6192 9718 9689 2486
4 5375 1948 1810 2612
4 1476 730 278 8707
4 8671 3791 4524 1483
4 6384 1998 875 3870
4 6769 4200 9265 5476
4 4861 3944 2000 3857
4 9843 8940 283 7412
4 9746 6028 85 3367
4 6747 3001 5308 9755
4 2353 8172 7253 1853
4 9871 9078 7443 7118
4 1912 2912 8453 1429
4 3 8677 263 8670
4 7302 4532 6662 5803
4 6010 7880 5170 4607
4 9507 6146 3997 1720
4 8297 4706 8442 4527
4 8204 6578 432 1140
4 4179 5203 1587 2927
4 3278 8683 6012 9695
4 1040 6320 1378 5207
4 915 7095 7978 1253
4 884 7319 836 4474
4 7103 6110 3022 1821
4 6981 7696 8964 3248
4 6483 5849 3028 7618
4 4469 995 7603 4565
4 3885 2585 6757 513
4 3728 634 8722 8692
4 7617 3518 3037 5197
4 3508 464 4307 1708
4 1224 8929 4883 1152
4 7296 6370 9359 1037
4 4617 8895 6498 137
4 2877 3877 8932 9908
4 8750 4871 1923 3107
4 7861 3736 3561 1684
4 6444 9464 7759 5941
4 5174 1154 2939 3362
4 1681 1073 5902 9599
4 5785 8328 2937 2627
4 4786 6367 4038 3375
4 1542 1117 1526 1484
4 8524 7536 1116 9197
4 4439 1571 8956 5462
4 559 5278 2592 970
4 7870 8874 2798 4946
4 4361 520 5823 6656
4 3892 8637 4521 174
4 2488 4292 6296 4975
4 9880 8466 3853 7463
4 3511 9769 7238 6965
4 7823 5547 1361 5441
4 7678 1833 916 6605
4 9849 172 2600 4668
4 7178 3055 9425 5839
4 7041 6231 2566 17
4 5341 1712 6389 7255
4 3544 1261 145 5705
4 9961 9984 7130 7363
4 9907 9014 6577 1726
4 8527 2368 6715 8516
4 6220 5998 846 8931
4 56 2185 6938 5250
4 5378 5503 2716 9350
4 7215 5563 5151 2165
4 5548 6856 3050 208
4 760 9092 8714 297
4 529 1234 9168 1570
4 4604 10 2106 1122
4 3769 9597 6266 4663
4 8363 6540 5271 1827
4 7740 9895 3969 451
4 5446 3746 3516 7778
4 4731 5325 6752 4093
4 1765 688 1601 3134
4 1430 1197 7624 5649
4 844 9741 2221 9121
4 738 7518 923 1963
4 6583 7218 6205 5118
4 525 912 7149 3540
4 6526 1487 2804 926
4 6364 556 6133 9182
4 5579 139 8161 164
4 2766 9390 4491 9450
4 9161 8239 9594 3258
4 3104 7558 8650 6396
4 2407 5007 8044 7499
4 9214 8673 2007 8059
4 8833 8081 5013 4230
4 4990 5574 2649 3691
4 2295 5017 7692 480
4 117 5899 6451 8824
4 5948 7152 5056 6149
4 2484 3674 1648 7983
4 1589 9246 211 6680
4 7839 8617 642 8293
4 6052 628 9490 8198
4 5627 2309 7318 2848
4 4627 7346 8247 3973
4 5875 9135 6731 6215
4 4126 2127 7204 9580
4 2879 8609 2836 9286
4 2555 87 656 2590
4 1010 6721 1847 3932
4 9719 3029 7151 7752
4 6623 6102 5879 6645
4 3276 1876 5824 9382
4 1825 9588 4859 7278
4 1015 8305 6036 7954
4 8653 9471 178 3608
4 6157 1866 289 9776
4 3828 5513 2811 3480
4 2125 9414 8606 4671
4 4555 2872 4650 931
4 1735 900 3692 6256
4 597 3239 1464 4573
4 6193 5487 1943 3527
4 3677 206 1620 3808
4 2516 28 8652 7375
4 9852 6685 4522 3132
4 2538 8578 5061 2697
4 1856 1393 8258 5981
4 1159 9499 9276 4170
4 8134 6350 590 2226
4 6703 7888 1311 6443
4 5815 6152 8468 7475
4 1056 8434 3891 9730
4 6531 3092 2999 9799
4 1819 8537 4933 834
4 1632 7764 6206 4054
4 6111 9637 6741 5559
4 5058 1260 9238 1874
4 4792 6984 142 9407
4 4496 1205 2190 1877
4 1129 307 7734 9241
4 2732 1994 290 9748
4 151 8342 7777 53
4 124 3895 4055 5094
4 8684 7105 4725 7406
4 7875 6228 6053 1884
4 1718 7542 7413 3573
4 8967 1562 7512 9376
4 4997 9326 4611 4661
4 2705 1888 6306 7993
4 1642 9675 7610 4857
4 589 236 9761 4636
4 9165 2428 6849 5710
4 4814 9714 3297 6932
4 3980 5371 8907 9864
4 2091 4865 4442 4875
4 7884 1704 8035 6676
4 5418 9602 4692 3558
4 9530 7361 8032 4703
4 7219 4774 1837 3945
4 6651 2490 4989 4592
4 6628 253 5644 2765
4 4091 7286 5794 7594
4 7659 2241 6155 1445
4 2020 3924 8123 4066
4 540 7526 4904 3654
4 6557 5035 1282 1440
4 5517 735 2400 898
4 5235 4381 4363 5044
4 4716 4926 648 2565
4 3912 9976 3839 3553
4 2854 7003 6365 4506
4 362 7090 8176 6326
4 9896 9523 1598 1023
4 7841 7662 6733 1406
4 6827 4771 2254 4089
4 4187 9016 5671 7074
4 3802 8241 9922 4412
4 2887 9650 6794 8597
4 8423 7382 1595 5020
4 4656 6366 2461 5205
4 3531 3498 5916 4410
4 7733 2457 8333 2006
4 6976 4064 2806 7914
4 6380 7037 6673 6490
4 3567 6289 5474 7374
4 534 5530 2081 2320
4 5389 1332 1723 1471
4 4773 1339 1467 358
4 4559 9453 6361 8861
4 3422 6436 5336 1422
4 9368 5898 9988 2783
4 9220 7356 1533 689
4 7683 5355 960 6528
4 7432 6988 2375 3906
4 9848 210 8432 6800
4 9456 6857 4495 6076
4 4879 3760 147 3718
4 404 1609 7310 8938
4 8019 2907 489 9361
4 1584 5178 7785 7821
4 622 8889 8715 7768
4 33 4720 4478 4766
4 9879 5489 4375 7943
4 9468 6778 2389 3145
4 8376 4639 5457 8898
4 6514 909 5551 7530
4 3323 9726 7426 6784
4 146 8153 5633 8845
4 9043 7249 5086 7419
4 8648 2462 9561 8894
4 7818 4011 1021 4452
4 7534 3617 9192 8823
4 3704 8043 9703 3882
4 2381 5869 2874 9684
4 8150 3244 9072 39
4 7230 737 2260 8954
4 5856 7175 6340 2401
4 3582 4026 8325 7990
4 2398 9631 5461 3352
4 7592 6016 3299 5255
4 3914 3595 7917 5380
4 1529 1930 8679 3153
4 396 8299 7013 4953
4 6870 3983 9122 635
4 6585 5901 9971 7454
4 6208 4057 8425 5467
4 5776 9222 5832 2129
4 3559 9143 7770 8746
4 1922 5085 835 3339
4 1512 198 5920 3129
4 150 6834 8712 3749
4 6202 3371 2191 7480
4 5865 6466 804 3985
4 3966 1090 711 9667
4 1952 7010 5556 359
4 9429 4467 4704 4823
4 7116 5522 5615 9802
4 4907 4202 9183 9221
4 1886 8238 7966 5531
4 9549 6649 3075 7956
4 9062 8682 8519 170
4 7596 5724 947 32
4 3188 9734 7689 9173
4 512 1507 45 7221
4 9828 9091 9606 5756
4 6724 6700 2277 8276
4 4124 1822 4016 3641
4 3564 7220 6184 6421
4 3136 2134 678 2924
4 9868 5896 5566 2707
4 7809 3811 2148 7876
4 5908 1761 4887 6873
4 4640 3011 4208 3724
4 3428 149 6811 3322
4 1347 6574 6160 8264
4 7970 8196 7964 1256
4 7731 7186 4514 6203
4 6705 2343 849 6248
4 6243 5451 5164 8263
4 2167 1100 5584 6446
4 300 3991 3020 471
4 9096 8632 6264 6942
4 5047 6637 8562 2198
4 4465 611 2467 9573
4 3694 9978 6903 7424
4 2024 1382 0 6553
4 313 5939 2983 9299
4 9459 3121 6015 6522
4 2278 5954 8517 4335
4 9752 9987 6681 6726
4 8908 8752 7984 9328
4 8027 4949 5166 9210
4 6659 6596 5721 8711
4 5277 2495 9068 6017
4 4708 1047 9996 9891
4 2672 1199 7975 3681
4 1908 1044 8801 7425
4 9583 1157 5860 5836
4 8133 5657 4659 3818
4 7386 1569 5240 5040
4 1174 5947 4992 3226
4 6648 4215 2875 7384
4 4340 3412 1411 8863
4 2367 2337 7727 3127
4 1181 3203 8143 2062
4 1179 9633 5763 9038
4 6112 9836 7509 4511
4 5449 1593 433 8222
4 5362 5173 541 4456
4 1106 7521 4790 6351
4 708 6719 1668 4286
4 6022 6478 8413 9721
4 3517 562 4052 6713
4 8210 825 8160 6246
4 7500 1840 9486 968
4 5813 3894 5536 355
4 4419 2702 8696 3031
4 3563 2506 5157 6492
4 1616 514 8864 8810
4 1381 2296 8828 6280
4 8667 8336 4958 2329
4 8202 204 2025 9995
4 7555 1400 7877 7633
4 5496 5730 608 465
4 4206 4359 2954 8139
4 2601 2120 9920 9768
4 3105 6864 3330 8919
3 1768 8031 9269
3 1751 5198 2159
3 889 8876 2437
3 9935 7751 3004
3 8977 4742 1535
3 8006 6275 4092
3 6051 6960 430
3 5872 70 530
3 4188 4801 4943
3 3596 9418 9028
3 1409 240 7614
3 1012 3809 919
3 9198 2033 9600
3 6263 1321 8089
3 5368 9519 3657
3 4858 955 4228
3 3972 8215 3235
3 2578 5606 7995
3 1843 234 3311
3 9716 8454 456
3 9187 7729 2746
3 7924 9446 2786
3 7397 5751 4301
3 6576 8137 3956
3 5082 431 1750
3 4000 270 2762
3 3926 1640 131
3 1062 2193 6761
3 9767 978 6003
3 9699 9332 5208
3 9201 2949 7170
3 6964 620 9584
3 6698 4046 6008
3 6097 2661 97
3 3939 9431 4796
3 2604 372 3590
3 1939 500 1036
3 1330 5986 9656
3 9538 4534 9398
3 9086 1259 8180
3 8447 8401 2977
3 7663 1744 2632
3 6890 6835 2772
3 6161 5191 3212
3 2072 8822 8383
3 1980 7991 6565
3 673 6844 6824
3 439 7457 4942
3 136 9944 2713
3 7407 1796 5245
3 5482 4798 8326
3 4221 885 8568
3 2694 6352 1318
3 2514 24 1519
3 2102 1649 1961
3 1475 9413 9083
3 8435 9075 7881
3 8252 3280 2074
3 6137 7895 3344
3 4104 2399 6809
3 3370 956 4502
3 2595 6887 7800
3 183 8859 5666
3 9855 7674 4783
3 8037 7554 5752
3 6463 5732 7586
3 6450 4387 4635
3 6197 6121 4238
3 4777 3793 6302
3 3060 2207 4839
3 1694 86 5994
3 1279 9036 7461
3 37 2891 2881
3 7471 1546 5168
3 3822 2953 7320
3 2297 7724 7362
3 1983 6972 8314
3 457 4358 458
3 9009 4595 1755
3 8900 602 9094
3 8815 6963 6959
3 7812 7357 3543
3 7410 756 8486
3 5897 1538 8093
3 4400 2903 9838
3 4248 7094 4596
3 3364 7206 9047
3 487 9137 6915
3 9035 8353 4116
3 8930 9564 9215
3 8766 5024 3021
3 7387 3951 2144
3 6471 6506 3141
3 6311 2210 4399
3 4434 221 7889
3 3052 2596 3875
3 2608 4504 2149
3 335 1536 5066
3 9578 4339 6925
3 9114 2785 3651
3 6353 3347 392
3 6332 2741 2837
3 2956 462 5628
3 2610 7850 9659
3 2028 801 6448
3 1371 7602 802
3 7078 6818 2892
3 6127 2859 5181
3 4994 4877 4736
3 4069 40 1453
3 3789 1688 6175
3 1678 5233 9993
3 1161 9709 7557
3 9820 6232 725
3 8663 6148 168
3 4982 3887 7694
3 2469 8438 8028
3 2412 8543 7859
3 2059 31 840
3 9651 8737 7959
3 9394 6944 9678
3 7632 5106 4291
3 6328 4097 1426
3 6229 5125 1778
3 4688 9540 9595
3 2685 1009 842
3 2683 343 8576
3 2307 502 3318
3 739 7395 6699
3 9223 152 8804
3 9015 8426 615
3 8022 6725 639
3 7960 5719 9227
3 5817 4488 402
3 5128 4549 2169
3 3841 644 511
3 3012 393 4567
3 2101 4689 1869
3 1959 1220 325
3 78 9489 4787
3 7742 2950 6034
3 6473 229 7423
3 5959 5631 848
3 5558 7971 613
3 1043 5422 34
3 8950 7994 1807
3 8643 7803 2388
3 8256 9957 1377
3 5882 5676 4826
3 5190 8097 4099
3 4031 68 6746
3 793 7532 6315
3 8903 1979 953
3 7697 3903 7631
3 7314 2242 1165
3 6952 3123 7132
3 4880 7581 5850
3 4855 6005 252
3 3743 9892 3555
3 3679 640 6452
3 2472 7430 726
3 1080 5731 6225
3 9887 1167 3396
3 5881 467 20
3 5443 8571 7176
3 4969 3698 153
3 4723 413 13
3 3515 8629 4811
3 1892 579 8398
3 1270 2002 8212
3 305 5212 2669
3 9475 6357 6479
3 9274 2215 4298
3 7666 2164 2137
3 6922 4047 5863
3 5951 9280 76
3 3509 477 5950
3 2304 6189 6095
3 1590 1502 860
3 7826 6674 4173
3 7496 57 7713
3 6563 6046 4554
3 6291 346 193
3 4750 4451 3621
3 4267 9524 4078
3 3665 740 9337
3 2929 5829 7036
3 7951 4246 1369
3 7906 5161 2432
3 5146 2527 395
3 4922 3233 2629
3 4679 4155 6740
3 4279 4245 3761
3 3581 3246 8986
3 2898 1953 7252
3 2358 2232 5346
3 2019 293 3146
3 1586 9830 9065
3 1549 7565 9157
3 649 8821 1276
3 414 5026 9526
3 8456 8206 3449
3 7804 949 4249
3 7024 6210 4314
3 6544 2799 3261
3 6104 9313 7197
3 4662 4311 1286
3 3902 937 9234
3 1416 868 9105
3 83 7194 3482
3 6244 5895 2533
3 4747 4030 4856
3 3838 3504 2531
3 3161 1194 1084
3 2824 2634 8675
3 2751 568 6270
3 1650 9543 444
3 1504 8229 554
3 9294 7743 2529
3 8498 4653 3773
3 7813 7236 9333
3 7653 5387 5714
3 6630 9496 6258
3 5200 3263 8277
3 4537 1793 1516
3 3806 16 8440
3 3748 7018 23
3 3431 6294 2668
3 9810 7963 7490
3 9692 9635 4767
3 9488 9458 4176
3 8965 5672 2047
3 6664 3332 1527
3 5401 4398 6920
3 4501 3930 982
3 4328 3174 1250
3 3911 1032 7559
3 2303 1514 8201
3 1532 9958 3316
3 1118 8952 1201
3 1031 4841 7150
3 9680 8642 675
3 9551 6245 1296
3 8355 4892 6744
3 6828 5237 6494
3 6612 1986 8179
3 4914 8727 3125
3 4623 1891 1452
3 4578 2442 5373
3 4001 9711 6430
3 9260 9085 5834
3 9251 8289 1606
3 8729 5980 9149
3 8654 6962 4713
3 6852 5199 9022
3 6822 3880 3099
3 6693 499 8177
3 6569 3824 4935
3 6510 9002 4605
3 5175 7622 1027
3 5059 2143 8067
3 3513 2422 1618
3 2712 2264 4144
3 2671 7761 3747
3 9858 5769 8918
3 6093 8897 5043
3 5641 4898 4164
3 4775 9655 4095
3 4447 459 225
3 3407 8981 7237
3 858 365 9272
3 8808 7957 3147
3 8593 4407 2328
3 8235 7828 4562
3 7418 6604 9181
3 5400 3570 9611
3 5097 7849 3547
3 115 3274 8567
3 30 6130 9624
3 9985 6118 1058
3 8382 6600 7190
3 7600 2335 5471
3 6846 1898 8756
3 2402 1951 185
3 1806 9073 6851
3 123 6002 4482
3 8978 6590 6323
3 8472 5831 8108
3 7721 6126 3355
3 7048 6766 8388
3 6727 6398 6078
3 5098 2946 1110
3 4558 1669 6472
3 4156 8806 5442
3 2570 2235 576
3 1978 94 8340
3 1865 7665 7247
3 1132 7899 5077
3 9927 7085 9859
3 9771 8753 6993
3 8393 7616 2205
3 7868 7315 6090
3 7273 6669 4325
3 7127 4840 4197
3 6899 2466 8572
3 4694 9745 9613
3 4546 2220 5041
3 2240 8129 1835
3 2046 1639 3615
3 9338 5944 5505
3 8734 8372 7329
3 7805 6223 7460
3 7693 4489 473
3 7634 6524 5812
3 6711 6304 3883
3 5019 1288 3587
3 4804 3078 2216
3 2591 2333 4564
3 2582 8640 1848
3 1754 896 5323
3 6774 3506 5189
3 2911 899 6739
3 2294 2105 516
3 1774 1271 6671
3 1266 6560 5621
3 160 9877 9603
3 9948 8573 5702
3 9013 9003 6697
3 7815 6356 1313
3 7275 3878 6803
3 6990 5613 101
3 5800 3664 7491
3 5460 4172 5276
3 5140 3265 22
3 3884 3324 143
3 2730 2549 2234
3 1849 1212 7121
3 1192 1137 9134
3 419 7123 3933
3 8996 4746 2136
3 8994 4312 3038
3 8021 2754 1653
3 4308 3281 2199
3 3439 9261 2781
3 2237 7686 4217
3 1086 9744 6064
3 9679 8773 3578
3 9029 6063 3402
3 7931 3849 2453
3 6581 5268 417
3 5397 4255 9194
3 5171 2793 6831
3 5134 3097 6023
3 2390 906 5903
3 1699 558 6035
3 753 9844 8411
3 9230 5523 2016
3 9008 7510 6595
3 8716 5598 2852
3 8084 5426 8793
3 6636 3873 2417
3 6414 4599 1127
3 5234 1480 9901
3 4918 4196 4136
3 4818 4394 1170
3 3782 2289 9759
3 2268 1656 7786
3 1488 550 7400
3 1461 8759 8464
3 796 8789 6096
3 381 7117 159
3 8316 5253 5246
3 8166 8049 2775
3 7233 6261 1624
3 6520 3381 7309
3 6132 4630 2406
3 4678 3491 2444
3 4613 3888 2951
3 3817 3131 2621
3 1783 8633 2731
3 1172 6517 6432
3 1093 8618 3783
3 828 472 7788
3 219 8987 4094
3 8539 7903 5736
3 7684 6529 5770
3 6953 6227 1665
3 6373 3442 1627
3 4910 3965 3262
3 3334 2334 1867
3 3300 1814 893
3 2068 1404 7969
3 1985 9534 5391
3 845 7925 279
3 217 9535 6180
3 133 9502 5586
3 9575 7501 5313
3 8165 4932 1208
3 5972 5577 2065
3 5966 3721 610
3 5917 4479 4088
3 5398 3401 2711
3 4487 3312 8665
3 4193 3744 2750
3 3584 2554 1801
3 2987 1836 218
3 2281 1781 7675
3 1221 7980 6586
3 9660 7110 4894
3 9200 7898 5064
3 7388 5132 3862
3 7371 3445 9754
3 6812 1904 9770
3 6417 5104 1899
3 5370 990 669
3 3927 2722 1646
3 3539 8638 5481
3 1184 9846 4981
3 651 9941 3085
3 401 7672 7502
3 9882 7289 4544
3 8694 3929 3124
3 7695 5594 3076
3 7065 4538 3411
3 5599 2464 5511
3 4529 3216 934
3 4428 2947 2376
3 3947 2184 8934
3 2326 9209 8842
3 1716 9356 8015
3 1638 89 4669
3 1292 8584 8525
3 545 8268 3017
3 9156 7902 3424
3 7907 6770 2173
3 7664 3807 1935
3 7043 2560 2087
3 6405 5345 3521
3 6259 1130 771
3 4628 1928 1683
3 1299 977 144
3 827 249 163
3 757 8732 5122
3 292 9089 4833
3 9670 7608 3580
3 9140 7177 6068
3 7744 7096 6973
3 6958 6409 1469
3 6805 6497 2480
3 6307 2567 1870
3 4163 3115 2990
3 2835 2463 894
3 2057 2022 9860
3 2050 304 8853
3 1138 207 8776
3 1120 8709 4882
3 930 8273 6331
3 9785 7553 8068
3 7962 7274 7223
3 7134 7014 9179
3 5804 5429 3941
3 4842 4553 241
3 4646 3610 3313
3 4149 618 8409
3 2011 1209 5192
3 1331 691 8298
3 316 9491 8886
3 288 9152 8502
3 199 9225 7642
3 157 7544 7163
3 7878 7216 6425
3 7640 6897 6301
3 6541 4948 3186
3 5725 4392 3541
3 5514 3178 728
3 4337 2564 8870
3 3893 865 8645
3 3353 356 9100
3 2227 643 287
3 2179 9647 7229
3 9863 9367 7019
3 9710 7546 6513
3 9406 8534 2805
3 7795 7298 6904
3 6387 5329 5182
3 6213 5663 5578
3 5718 5206 1958
3 5550 4789 2288
3 5254 4714 3006
3 5060 4468 1971
3 4355 3753 862
3 4226 1574 819
3 2418 1652 8141
3 1841 1277 8740
3 1227 108 5848
3 616 9329 9232
3 9885 9617 9553
3 9870 6796 6629
3 9172 8941 8310
3 7948 6814 5658
3 7087 5952 5424
3 6087 5825 3536
3 5741 4598 3425
3 5612 5534 4143
3 4634 2163 784
3 4508 2563 186
3 3798 3438 733
3 2841 1809 7556
3 2239 1495 9570
3 867 425 9590
3 9582 9423 7349
3 9158 6484 5573
3 8564 5958 5611
3 7091 5510 3812
3 6620 4791 4693
3 5771 3712 3209
3 3208 1661 1615
3 2689 2577 1563
3 2435 2201 800
3 2344 2318 1479
3 1700 226 9314
3 1376 769 8103
3 378 347 9346
3 348 9876 9862
3 9555 8321 7333
3 8771 8309 6125
3 7799 7441 7434
3 7365 6748 4726
3 6253 4906 4290
3 4986 4518 2152
3 4403 1403 8064
3 3917 1685 719
3 1099 189 128
3 789 8493 7946
3 383 9954 7459
3 9819 7835 6701
3 9205 8086 7541
3 8347 7580 3213
3 7758 7060 5316
2 7140 5409
2 6917 6692
2 5294 5183
2 4939 2586
2 4709 4211
2 2470 1909
2 2451 9737
2 2012 1788
2 1949 1494
2 1235 1131
2 1196 958
2 633 8960
2 441 9323
2 415 349
2 8686 8282
2 8379 6457
2 8080 6456
2 6279 5343
2 5379 4996
2 5148 3949
2 3860 2878
2 3859 3784
2 3327 2550
2 2382 1993
2 2356 1799
2 1868 1679
2 1284 1230
2 1188 831
2 1180 1119
2 863 703
2 361 291
2 203 9372
2 9999 7807
2 8875 7965
2 8726 8406
2 8412 7669
2 7507 7479
2 6843 5694
2 5779 4621
2 5410 3821
2 3247 1818
2 2498 2384
2 2483 2035
2 1732 509
2 1611 1335
2 1323 782
2 1105 388
2 935 693
2 405 4
2 280 8970
2 9807 7307
2 9663 8985
2 9102 8955
2 8784 7753
2 8410 6233
2 7251 6085
2 6407 4734
2 5833 5699
2 5051 4675
2 4950 4632
2 4664 4633
2 4344 4330
2 4254 3787
2 3394 2789
2 2579 2324
2 2378 1135
2 1133 922
2 1111 1046
2 1074 9742
2 268 9724
2 258 200
2 227 8791
2 9701 7791
2 9636 8523
2 9604 7667
2 8461 6635
2 6983 6500
2 5977 5844
2 5356 4461
2 4979 4107
2 3922 3389
2 3639 3386
2 3292 2942
2 2541 2405
2 2386 2311
2 2373 2086
2 1987 811
2 1553 1029
2 983 318
2 662 9186
2 376 9644
2 9717 8731
2 9632 9162
2 9557 9533
2 9148 8602
2 8491 8374
2 8164 7092
2 7399 6434
2 7322 6371
2 6158 5327
2 5177 5005
2 4425 3827
2 4371 794
2 3385 3199
2 2715 2676
2 2508 2410
2 2030 491
2 741 173
2 342 9773
2 9342 8872
2 8725 7992
2 8136 7706
2 7820 7627
2 7340 6254
2 6647 6420
2 6242 5885
2 5413 5266
2 5187 4369
2 4810 3866
2 4273 4220
2 3819 3756
2 3008 2883
2 2825 872
2 1992 1918
2 1534 9609
2 621 409
2 9977 7832
2 9282 7069
2 8857 7636
2 7712 7228
2 6678 5957
2 5643 5399
2 5210 5073
2 4978 4435
2 4651 1969
2 4323 3935
2 3799 3267
2 3794 2934
2 3225 2747
2 1897 1705
2 1554 1415
2 1439 1206
2 1329 1045
2 1063 984
2 917 821
2 195 9362
2 148 9159
2 69 9963
2 9327 8879
2 8758 7938
2 8728 8613
2 7736 7408
2 7547 7393
2 7276 7033
2 7264 6480
2 7243 7093
2 7165 6499
2 6234 6174
2 5979 5853
2 5883 5840
2 5470 5265
2 5361 5167
2 5045 4807
2 4535 4356
2 4260 4237
2 4214 4032
2 4103 3227
2 3620 3144
2 3474 3058
2 3466 2873
2 2884 2803
2 2503 2427
2 2172 2166
2 1731 1610
2 901 605
2 652 508
2 483 9787
2 437 9070
2 435 9011
2 312 9822
2 9775 8778
2 8780 8570
2 8770 8535
2 8507 8142
2 8395 7915
2 7793 7588
2 7416 7097
2 7172 6901
2 6841 6654
2 6675 5745
2 6077 5508
2 5350 4758
2 5340 4860
2 4822 4372
2 4224 3636
2 2996 2500
2 2425 987
2 2330 1654
2 1305 9749
2 194 179
2 9415 8117
2 9380 8877
2 8786 8311
2 8144 7789
2 7639 7059
2 7427 6187
2 6853 4972
2 4891 4890
2 4732 3984
2 4577 3082
2 3879 3530
2 3476 2206
2 2769 1142
2 2556 2170
2 596 184
2 303 111
2 209 192
2 118 9571
2 9931 9421
2 9264 9218
2 8975 8405
2 8961 8361
2 8417 7942
2 8224 8038
2 8114 7883
2 7856 7578
2 7561 7098
2 7086 6141
2 6128 5557
2 5279 4376
2 5107 4285
2 5067 3777
2 4175 3189
2 3044 2520
2 1831 729
2 1728 1614
2 482 478
2 9556 9436
2 8272 8244
2 8135 7741
2 8061 7590
2 7075 6411
2 6902 6308
2 6614 5993
2 6156 4724
2 5983 5747
2 5906 4952
2 5696 4523
2 3727 3717
2 3716 2974
2 3493 1972
2 2812 2808
2 2771 2512
2 2485 1695
2 1517 121
2 1485 9031
2 908 274
2 230 9793
2 8530 8462
2 8075 7187
2 8009 7045
2 8002 7847
2 7606 7483
2 7077 6937
2 6833 6720
2 6682 6559
2 6177 5483
2 5504 4699
2 4899 4470
2 4232 3685
2 2098 2039
2 1625 1350
2 1496 781
2 156 8797
2 9736 9126
2 8880 8698
2 8561 8542
2 8500 7864
2 8220 8045
2 8110 8011
2 7730 6607
2 7017 6545
2 6429 6265
2 6428 5870
2 5727 5617
2 5533 5304
2 5213 4845
2 4333 4098
2 4063 2602
2 3635 2827
2 2532 1937
2 2272 2271
2 2110 1749
2 1283 1226
2 1177 507
2 833 574
2 424 311
2 256 61
2 9686 9498
2 9457 8868
2 9357 9301
2 8635 8556
2 8494 8159
2 7550 7533
2 7404 7248
2 7337 5938
2 7068 5382
2 6971 5260
2 6026 5377
2 5783 5262
2 5158 4980
2 5023 4966
2 4913 4588
2 4876 4427
2 4440 4297
2 3690 3307
2 3108 2447
2 3059 3053
2 3023 1917
2 2657 1984
2 2298 2231
2 1804 1753
2 1696 1326
2 1634 1513
2 1501 1171
2 1006 795
2 866 682
2 428 81
2 9932 9521
2 9910 9296
2 9007 8924
2 8850 8441
2 8473 8190
2 7929 7833
2 7830 7711
2 7682 7292
2 7367 7139
2 7138 7030
2 7022 6998
2 6551 6293
2 6539 6075
2 5907 5480
2 5754 5008
2 4305 4262
2 3993 3469
2 3268 2252
2 1789 1703
2 1622 903
2 1166 959
2 803 9823
2 538 406
2 8968 8592
2 8555 7453
2 7584 7514
2 7067 6237
2 6617 6412
2 6257 6021
2 6098 5910
2 5632 5472
2 5585 3846
2 4770 3534
2 4591 3205
2 3361 2900
2 3266 2673
2 2583 2393
2 2357 2310
2 1932 1762
2 1307 182
2 1275 9698
2 9577 9044
2 9548 7129
2 9042 7523
2 7688 7281
2 7102 6859
2 6848 6799
2 6533 6519
2 6393 5281
2 5926 5900
2 5693 4923
2 5010 4893
2 4851 4453
2 4843 4060
2 4830 4283
2 4793 4048
2 4019 3963
2 3854 3416
2 3705 3154
2 3286 2645
2 2138 1824
2 1191 1149
2 668 603
2 658 9914
2 9861 9411
2 9311 8001
2 9297 8541
2 9189 8085
2 7985 7071
2 7658 6961
2 7574 6643
2 7000 6222
2 6454 5430
2 6040 5640
2 5100 4571
2 4911 4236
2 3994 3810
2 3803 3611
2 3591 3382
2 3169 2546
2 2961 2928
2 2899 2664
2 2385 2026
2 1878 1770
2 1612 1190
2 921 452
2 698 341
2 275 224
2 25 9972
2 9554 9270
2 9229 9204
2 9146 9059
2 9101 8554
2 8334 8231
2 8000 7852
2 7890 7782
2 6923 6862
2 6592 6509
2 6334 6290
2 6195 6185
2 6119 6031
2 5838 5828
2 5809 4691
2 5538 3696
2 4009 3990
2 3719 3619
2 3523 3454
2 2709 2662
2 2656 2280
2 2153 1302
2 1775 972
2 886 746
2 659 582
2 526 319
2 468 238
2 54 9825
2 27 9933
2 9720 9024
2 8118 7261
2 8109 8034
2 7504 7488
2 7011 6772
2 6850 6516
2 6491 6283
2 6391 5386
2 6199 3754
2 5635 5549
2 4821 4525
2 4209 2038
2 3413 3156
2 2980 1777
2 2525 1873
2 1667 1134
2 1316 412
2 999 180
2 9400 9150
2 9336 8757
2 8546 8344
2 8508 5697
2 8318 8098
2 7222 6792
2 6163 5949
2 5859 5778
2 5257 5227
2 5014 4987
2 4705 4556
2 4581 4252
2 4520 4132
2 4174 3843
2 4034 3645
2 3383 2010
2 2758 1880
2 2154 1725
2 1308 422
2 1237 9321
2 1087 573
2 379 9929
2 9833 9164
2 9638 8511
2 7921 7882
2 7822 7183
2 7042 6631
2 7005 5619
2 5820 5539
2 5527 5466
2 5406 5342
2 5153 5029
2 5108 5049
2 4976 4438
2 4062 3788
2 3643 3546
2 3628 3340
2 3201 2733
2 2858 2706
2 2431 1964
2 1915 1664